2000 40
1 1
3 1
5 1
7 1
9 1
11 1
13 1
15 1
17 1
19 1
21 1
23 1
25 1
27 1
29 1
31 1
33 1
35 1
37 1
39 1
41 1
43 1
45 1
47 1
49 1
51 1
53 1
55 1
57 1
59 1
61 1
63 1
65 1
67 1
69 1
71 1
73 1
75 1
77 1
79 1
81 1
83 1
85 1
87 1
89 1
91 1
93 1
95 1
97 1
99 1
101 1
103 1
105 1
107 1
109 1
111 1
113 1
115 1
117 1
119 1
121 1
123 1
125 1
127 1
129 1
131 1
133 1
135 1
137 1
139 1
141 1
143 1
145 1
147 1
149 1
151 1
153 1
155 1
157 1
159 1
161 1
163 1
165 1
167 1
169 1
171 1
173 1
175 1
177 1
179 1
181 1
183 1
185 1
187 1
189 1
191 1
193 1
195 1
197 1
199 1
201 1
203 1
205 1
207 1
209 1
211 1
213 1
215 1
217 1
219 1
221 1
223 1
225 1
227 1
229 1
231 1
233 1
235 1
237 1
239 1
241 1
243 1
245 1
247 1
249 1
251 1
253 1
255 1
257 1
259 1
261 1
263 1
265 1
267 1
269 1
271 1
273 1
275 1
277 1
279 1
281 1
283 1
285 1
287 1
289 1
291 1
293 1
295 1
297 1
299 1
301 1
303 1
305 1
307 1
309 1
311 1
313 1
315 1
317 1
319 1
321 1
323 1
325 1
327 1
329 1
331 1
333 1
335 1
337 1
339 1
341 1
343 1
345 1
347 1
349 1
351 1
353 1
355 1
357 1
359 1
361 1
363 1
365 1
367 1
369 1
371 1
373 1
375 1
377 1
379 1
381 1
383 1
385 1
387 1
389 1
391 1
393 1
395 1
397 1
399 1
401 1
403 1
405 1
407 1
409 1
411 1
413 1
415 1
417 1
419 1
421 1
423 1
425 1
427 1
429 1
431 1
433 1
435 1
437 1
439 1
441 1
443 1
445 1
447 1
449 1
451 1
453 1
455 1
457 1
459 1
461 1
463 1
465 1
467 1
469 1
471 1
473 1
475 1
477 1
479 1
481 1
483 1
485 1
487 1
489 1
491 1
493 1
495 1
497 1
499 1
501 1
503 1
505 1
507 1
509 1
511 1
513 1
515 1
517 1
519 1
521 1
523 1
525 1
527 1
529 1
531 1
533 1
535 1
537 1
539 1
541 1
543 1
545 1
547 1
549 1
551 1
553 1
555 1
557 1
559 1
561 1
563 1
565 1
567 1
569 1
571 1
573 1
575 1
577 1
579 1
581 1
583 1
585 1
587 1
589 1
591 1
593 1
595 1
597 1
599 1
601 1
603 1
605 1
607 1
609 1
611 1
613 1
615 1
617 1
619 1
621 1
623 1
625 1
627 1
629 1
631 1
633 1
635 1
637 1
639 1
641 1
643 1
645 1
647 1
649 1
651 1
653 1
655 1
657 1
659 1
661 1
663 1
665 1
667 1
669 1
671 1
673 1
675 1
677 1
679 1
681 1
683 1
685 1
687 1
689 1
691 1
693 1
695 1
697 1
699 1
701 1
703 1
705 1
707 1
709 1
711 1
713 1
715 1
717 1
719 1
721 1
723 1
725 1
727 1
729 1
731 1
733 1
735 1
737 1
739 1
741 1
743 1
745 1
747 1
749 1
751 1
753 1
755 1
757 1
759 1
761 1
763 1
765 1
767 1
769 1
771 1
773 1
775 1
777 1
779 1
781 1
783 1
785 1
787 1
789 1
791 1
793 1
795 1
797 1
799 1
801 1
803 1
805 1
807 1
809 1
811 1
813 1
815 1
817 1
819 1
821 1
823 1
825 1
827 1
829 1
831 1
833 1
835 1
837 1
839 1
841 1
843 1
845 1
847 1
849 1
851 1
853 1
855 1
857 1
859 1
861 1
863 1
865 1
867 1
869 1
871 1
873 1
875 1
877 1
879 1
881 1
883 1
885 1
887 1
889 1
891 1
893 1
895 1
897 1
899 1
901 1
903 1
905 1
907 1
909 1
911 1
913 1
915 1
917 1
919 1
921 1
923 1
925 1
927 1
929 1
931 1
933 1
935 1
937 1
939 1
941 1
943 1
945 1
947 1
949 1
951 1
953 1
955 1
957 1
959 1
961 1
963 1
965 1
967 1
969 1
971 1
973 1
975 1
977 1
979 1
981 1
983 1
985 1
987 1
989 1
991 1
993 1
995 1
997 1
999 1
1001 1
1003 1
1005 1
1007 1
1009 1
1011 1
1013 1
1015 1
1017 1
1019 1
1021 1
1023 1
1025 1
1027 1
1029 1
1031 1
1033 1
1035 1
1037 1
1039 1
1041 1
1043 1
1045 1
1047 1
1049 1
1051 1
1053 1
1055 1
1057 1
1059 1
1061 1
1063 1
1065 1
1067 1
1069 1
1071 1
1073 1
1075 1
1077 1
1079 1
1081 1
1083 1
1085 1
1087 1
1089 1
1091 1
1093 1
1095 1
1097 1
1099 1
1101 1
1103 1
1105 1
1107 1
1109 1
1111 1
1113 1
1115 1
1117 1
1119 1
1121 1
1123 1
1125 1
1127 1
1129 1
1131 1
1133 1
1135 1
1137 1
1139 1
1141 1
1143 1
1145 1
1147 1
1149 1
1151 1
1153 1
1155 1
1157 1
1159 1
1161 1
1163 1
1165 1
1167 1
1169 1
1171 1
1173 1
1175 1
1177 1
1179 1
1181 1
1183 1
1185 1
1187 1
1189 1
1191 1
1193 1
1195 1
1197 1
1199 1
1201 1
1203 1
1205 1
1207 1
1209 1
1211 1
1213 1
1215 1
1217 1
1219 1
1221 1
1223 1
1225 1
1227 1
1229 1
1231 1
1233 1
1235 1
1237 1
1239 1
1241 1
1243 1
1245 1
1247 1
1249 1
1251 1
1253 1
1255 1
1257 1
1259 1
1261 1
1263 1
1265 1
1267 1
1269 1
1271 1
1273 1
1275 1
1277 1
1279 1
1281 1
1283 1
1285 1
1287 1
1289 1
1291 1
1293 1
1295 1
1297 1
1299 1
1301 1
1303 1
1305 1
1307 1
1309 1
1311 1
1313 1
1315 1
1317 1
1319 1
1321 1
1323 1
1325 1
1327 1
1329 1
1331 1
1333 1
1335 1
1337 1
1339 1
1341 1
1343 1
1345 1
1347 1
1349 1
1351 1
1353 1
1355 1
1357 1
1359 1
1361 1
1363 1
1365 1
1367 1
1369 1
1371 1
1373 1
1375 1
1377 1
1379 1
1381 1
1383 1
1385 1
1387 1
1389 1
1391 1
1393 1
1395 1
1397 1
1399 1
1401 1
1403 1
1405 1
1407 1
1409 1
1411 1
1413 1
1415 1
1417 1
1419 1
1421 1
1423 1
1425 1
1427 1
1429 1
1431 1
1433 1
1435 1
1437 1
1439 1
1441 1
1443 1
1445 1
1447 1
1449 1
1451 1
1453 1
1455 1
1457 1
1459 1
1461 1
1463 1
1465 1
1467 1
1469 1
1471 1
1473 1
1475 1
1477 1
1479 1
1481 1
1483 1
1485 1
1487 1
1489 1
1491 1
1493 1
1495 1
1497 1
1499 1
1501 1
1503 1
1505 1
1507 1
1509 1
1511 1
1513 1
1515 1
1517 1
1519 1
1521 1
1523 1
1525 1
1527 1
1529 1
1531 1
1533 1
1535 1
1537 1
1539 1
1541 1
1543 1
1545 1
1547 1
1549 1
1551 1
1553 1
1555 1
1557 1
1559 1
1561 1
1563 1
1565 1
1567 1
1569 1
1571 1
1573 1
1575 1
1577 1
1579 1
1581 1
1583 1
1585 1
1587 1
1589 1
1591 1
1593 1
1595 1
1597 1
1599 1
1601 1
1603 1
1605 1
1607 1
1609 1
1611 1
1613 1
1615 1
1617 1
1619 1
1621 1
1623 1
1625 1
1627 1
1629 1
1631 1
1633 1
1635 1
1637 1
1639 1
1641 1
1643 1
1645 1
1647 1
1649 1
1651 1
1653 1
1655 1
1657 1
1659 1
1661 1
1663 1
1665 1
1667 1
1669 1
1671 1
1673 1
1675 1
1677 1
1679 1
1681 1
1683 1
1685 1
1687 1
1689 1
1691 1
1693 1
1695 1
1697 1
1699 1
1701 1
1703 1
1705 1
1707 1
1709 1
1711 1
1713 1
1715 1
1717 1
1719 1
1721 1
1723 1
1725 1
1727 1
1729 1
1731 1
1733 1
1735 1
1737 1
1739 1
1741 1
1743 1
1745 1
1747 1
1749 1
1751 1
1753 1
1755 1
1757 1
1759 1
1761 1
1763 1
1765 1
1767 1
1769 1
1771 1
1773 1
1775 1
1777 1
1779 1
1781 1
1783 1
1785 1
1787 1
1789 1
1791 1
1793 1
1795 1
1797 1
1799 1
1801 1
1803 1
1805 1
1807 1
1809 1
1811 1
1813 1
1815 1
1817 1
1819 1
1821 1
1823 1
1825 1
1827 1
1829 1
1831 1
1833 1
1835 1
1837 1
1839 1
1841 1
1843 1
1845 1
1847 1
1849 1
1851 1
1853 1
1855 1
1857 1
1859 1
1861 1
1863 1
1865 1
1867 1
1869 1
1871 1
1873 1
1875 1
1877 1
1879 1
1881 1
1883 1
1885 1
1887 1
1889 1
1891 1
1893 1
1895 1
1897 1
1899 1
1901 1
1903 1
1905 1
1907 1
1909 1
1911 1
1913 1
1915 1
1917 1
1919 1
1921 1
1923 1
1925 1
1927 1
1929 1
1931 1
1933 1
1935 1
1937 1
1939 1
1941 1
1943 1
1945 1
1947 1
1949 1
1951 1
1953 1
1955 1
1957 1
1959 1
1961 1
1963 1
1965 1
1967 1
1969 1
1971 1
1973 1
1975 1
1977 1
1979 1
1981 1
1983 1
1985 1
1987 1
1989 1
1991 1
1993 1
1995 1
1997 1
1999 1
